%YAML:1.0
---
ImageWidth: 4384
ImageHeight: 3288
Diameter: 1.1550108224601188e+02
GridMatrix: !!opencv-matrix
   rows: 3
   cols: 2
   dt: d
   data: [ 1.1584009322657732e+02, 9.9680554378828345e-01,
       -9.3040062861053130e-01, 1.1587076468585491e+02,
       1.6669281555263223e+02, 9.9074644676782967e+01 ]
