%YAML:1.0
---
ImageWidth: 4384
ImageHeight: 3288
Diameter: 1.1650107295643247e+02
GridMatrix: !!opencv-matrix
   rows: 3
   cols: 2
   dt: d
   data: [ 1.1714671157688838e+02, 9.3125950076768005e-01,
       -9.1402563193168618e-01, 1.1696137403479514e+02,
       1.4371069347654813e+02, 9.4690670295486527e+01 ]
