%YAML:1.0
---
GridRows : 27
GridCols : 36
GridMatrix : !!opencv-matrix
   rows: 2
   cols: 3
   dt: d
   data: [ 1.6618409913117040e+02, 1.1588582143850397e+02,
       -9.4173858356910944e-01, 9.3865201996093404e+01,
       9.8249106537851860e-01, 1.1587116584511297e+02 ]
