%YAML:1.0
---
GridRows : 27
GridCols : 36
GridMatrix : !!opencv-matrix
   rows: 2
   cols: 3
   dt: d
   data: [ 1.3973238092677897e+02, 1.1707618135277446e+02,
       -9.9003337471431418e-01, 8.6504848762065251e+01,
       1.0003990125699507e+00, 1.1700081151719819e+02 ]
