%YAML:1.0
---
GridRows : 27
GridCols : 36
GridMatrix : !!opencv-matrix
   rows: 2
   cols: 3
   dt: d
   data: [ 1.1711444315471547e+02, 9.3456128258649773e-01,
       -9.2012692039847277e-01, 1.1693691902552685e+02,
       1.4444824104672296e+02, 9.4639911598260213e+01 ]
